0
0.1851101665328194
0.2924575452606154
0.3334830707028999
0.3578014505519095
0.38124673849667967
0.4018290803881662
0.4168179115063134
0.4527400762166853
0.4752179840531883
0.49280437412786415
0.5053661246188585
0.5153996893968859
0.5235982937773551
0.524383554063423
0.5299936719117792
0.5327778633516077
0.5378659684724
0.5415187745630691
0.5448429568957049
0.5436539231516173
0.5446078758711392
0.5495617427509955
0.5561285253075524
0.5599552729771591
0.5616083714205473
0.5634944983335498
0.5639253542634471
0.5670488134559923
0.5685375042123907
0.5713002447981388
0.5715007012504909
0.573884059726066
0.5737197945097786
0.5743708321779183
0.5750755389339934
0.5760631759050633
0.5771102902108984
0.5806089972973117
0.5813613959083794
0.5828305496173976
0.5834053492445775
0.5787363854282603
0.5784431942093634
0.5809328862406441
0.5785329270810066
0.5795766451032681